[Gran1]
Num=1
XName=X
YName=Y
MinArg=-5.08488362865467
MaxArg=5.08417508417508
MinFunc=12466682.7070464
MaxFunc=38259445.0394414
Coord=0
MasshAuto=1
[Obj1]
ObjType=Normal
Func=4*Pi*1740^2/3
A=-5
B=5
Color=8388608
BGP=100
Points=100
ByPoints=0
GBuild=1
WLine=1
Checked=1
