[Gran1]
Num=2
XName=X
YName=Y
MinArg=-5.08488362865467
MaxArg=5.08417508417508
MinFunc=-2.03220906969182
MaxFunc=2.03365547391032
Coord=0
MasshAuto=1
[Obj1]
ObjType=Normal
Func=Cos(X)*2
A=-5
B=5
Color=128
BGP=100
Points=100
ByPoints=0
GBuild=1
WLine=1
Checked=1
[Obj2]
ObjType=Normal
Func=2*Cos(X)
A=-5
B=5
Color=32768
BGP=100
Points=100
ByPoints=0
GBuild=1
WLine=1
Checked=1
