[Gran1]
Num=1
XName=X
YName=Y
MinArg=-5.08488362865467
MaxArg=5.08417508417508
MinFunc=-1.15366380898456E53
MaxFunc=9.62923835383694E50
Coord=0
MasshAuto=1
[Obj1]
ObjType=Param
Func=T^2
A=-5
B=5
Color=8421376
BGP=100
Points=100
ByPoints=0
GBuild=1
WLine=1
FuncX=-3.9
Checked=1
